0 69 22 88 27 33 26 31 19 59
69 0 5 5 61 39 86 62 68 70
22 5 0 11 52 47 6 72 51 32
88 5 11 0 62 46 31 54 58 97
27 61 52 62 0 35 59 53 42 54
33 39 47 46 35 0 8 53 76 79
26 86 6 31 59 8 0 69 17 4
31 62 72 54 53 53 69 0 87 26
19 68 51 58 42 76 17 87 0 40
59 70 32 97 54 79 4 26 40 0
